-30 30 -30 30
obs -24 -15 -18 -15
obs -24 15 -18 15
obs -18 -15 -18 -3
obs -18 15 -18 3
obs -14 4 -14 -4

obs -8 3 -8 -3
obs 8 3 8 -3

obs -7 5 -2 9
obs 7 5 2 9
obs -7 -5 -2 -9
obs 7 -5 2 -9

obs 0 11 0 17
obs 0 -11 0 -17

obs 0 -30 0 -25
obs 0 30 0 25

obs 24 -15 18 -15
obs 24 15 18 15
obs 18 -15 18 -3
obs 18 15 18 3
obs 14 4 14 -4

obs0 -29 3 -29 -3
obs1 29 3 29 -3

spawn 0 -28 -25 -4 4 1 1 1 0 0 255
spawn 1 -3 0 -3 3 1.2 1 2 0 0 150
spawn 2 25 28 -4 4 1 1 1 255 0 0
spawn 3 0 3 -3 3 1.2 1 2 150 0 0
