obs -21 -14 -21 -8
obs -21 -8 -14 -8
obs -14 -8 -14 -6
obs -14 -6 -20 1
obs -20 1 -20 9
obs -20 9 -15 10
obs -15 10 -2 1
obs -2 1 -2 -9
obs -2 -9 -7 -18
obs -2 -9 7 -22
obs 7 -22 14 -3
obs 14 -3 14 12
obs 14 12 0 23
obs 0 23 -10 20
obs 0 23 -20 24
obs -20 24 -23 15
obs -7 -18 -14 -20
obs 19 -24 19 -13
obs 19 -13 27 -3
obs 27 -3 24 8
obs 24 8 17 18
obs 17 18 19 24
obs 17 18 6 27
obs 14 12 -4 14
obs -4 14 1 7
obs 1 7 1 -2
obs 1 7 8 1
sobs 8 -25 14 -25
sobs 14 -25 14 -16
sobs 14 -16 8 -25
sobs -6 -23 -3 -27
sobs -3 -27 2 -22
sobs 2 -22 -1 -17
sobs -1 -17 -4 -17
sobs -4 -17 -6 -23
